000000000000000000000000000000000000000000000000
0444444221212121244101024421213131313222222122210244444444440
0444444221212121244101024421111111210131313131913122210244444444440
0444444221212121244101024422221111111111111711122210244444444440
04444442212121212441010244444222222222122210244444444440
04444442212121212441010244444444444442122210244444444440
02222222212121212441010222244444444442122210244444444440
02222299922222222882121999222222244442122210244444444440
022222999222222228821219992212131313222442122210244444444440
02222222212121212441010222221111121013132222182216244444444440
04444442212121212441010222222211111210131322122210244444444440
044444422121212124410102244222221111121019131111244444444440
0444444221212121244101022444422222111117111111244444444440
04444442212121212441010224444442222222122210224444444440
044444422121212124410102444444444442221221124444444440
044444422121212124410102444444444442221222122444444440
044444422121212124410102444444444442221222112444444440
044444422141515144410102444444444442221222212244444440
022222222121212121110102244444444442221822221619244444440
022222202021212121211101132202022222222222122222210222222220
013131313131919131111131111013191915131313131313131313111319191313113131313131313130
0131313131319191311111311113131919141313131313131313131113191913131313131313131313130
044444334121212121010101010433444444444411433444444444440
0111111111417171111111111111111111717111111111111111111111111171711111111111111111111110
01111111114171711111211111111111111717111111111111111111111111171711111111111111111111110
022222202022112110110222202022222222221816222222222222220
022222222221212101022222222222222221210222222244444440
022222222261818161662222222222222221210222222244444440
022222222261818161662222222222222221210222222244444440
022222222221212151522222222222222221210224444444444440
022222222221212101022222222222222221210224444444444440
022222222221212101022222222222222221210224444444444440
022222222221212101022222222222222221210224444444444440
022222222221212101022222222222222221210224444444444440
000000000000000000000000000000000000000000000000
