0000000000000000000000000000000000000000000
0888888225555885500000000000000000000000000
0888888225555885500000000000000000000000000
0888888225555885500000000000000000000000000
0888888225555885500000000000000000000000000
0888888225555885500000000000000000000000000
0888888225555885500000000000000000000000000
0888888225555885500000000000000000000000000
0888888225555885500000000000000000000000000
0888888225555885500000000000000000000000000
0888888225555885508888888000000000000000000
0888888225555885508888888000000000000000000
0888888225555885508888888000000000000000000
0888888225555555508888888000000000000000000
0222222225555555500888880000000000000000000
0222222225555555550000000000000000000000000
0555556655555555555665555500000000000000000
0555556655555555555665555500000000000000000
0555556655555555555665555500000000000000000
0555556655555555555665555500000000000000000
0222222222555555222222222000000000000000000
0222222222255552222222222000000000000000000
0222222222266662222222222000000000000000000
0222222222266662222222222000000000000000000
0222222222255552222222222000000000000000000
0222222222255552222222222000000000000000000
0222222222255552222222222000000000000000000
0222222222255552222222222000000000000000000
0222222222255552222222222000000000000000000
0000000000000000000000000000000000000000000
0000000000000000000000000000000000000000000
0000000000000000000000000000000000000000000
0000000000000000000000000000000000000000000
