000000000000000000000000000000000000000000000000
0444444221212121244101024421213131313222222122210244444444440
0444444221212121244101024421111111210131313131813122210244444444440
0444444221212121244101024422221111111111111611122210244444444440
04444442212121212441010244444222222222122210244444444440
04444442212121212441010244444444444442122210244444444440
02222222212121212441010222244444444442122210244444444440
02222299977778877999222222244442122210244444444440
022222999777788779992212131313222442122210244444444440
02222222212121212441010222221111121013132222172215244444444440
04444442212121212441010222222211111210131322122210244444444440
044444422121212124410102244222221111121018131111244444444440
0444444221212121244101022444422222111116111111244444444440
04444442212121212441010224444442222222122210224444444440
044444422121212124410102444444444442221221124444444440
044444422121212124410102444444444442221222122444444440
044444422121212124410102444444444442221222112444444440
044444422141414144410102444444444442221222212244444440
022222222121212121110102244444444442221722221518244444440
02222266211111111126622222222222122222210222222220
01313131313181813111111111131818141313131313131313131113181813131313131313131313130
01313131313181813111111111131818141313131313131313131113181813131313131313131313130
044444334111111111433444444444411433444444444440
01111111114161611111111111111616111111111111111111111111161611111111111111111111110
01111111114161611111111111111616111111111111111111111111161611111111111111111111110
02222266221111112226622222222221715222222222222220
022222222221212101022222222222222221210222222244444440
022222222261717151562222222222222221210222222244444440
022222222261717151562222222222222221210222222244444440
022222222221212141422222222222222221210224444444444440
022222222221212101022222222222222221210224444444444440
022222222221212101022222222222222221210224444444444440
022222222221212101022222222222222221210224444444444440
022222222221212101022222222222222221210224444444444440
000000000000000000000000000000000000000000000000
